-1.0 0.6 0.0 0.2
-1.0 0.6 0.2 0.35
-1.0 0.6 0.35 0.5
-1.0 0.6 0.5 0.65
-1.0 0.6 0.65 0.8
-1.0 0.6 0.8 0.95
-1.0 0.6 0.95 1.1
-1.0 0.6 1.1 1.25
-1.0 0.6 1.25 1.5
-1.0 0.6 1.5 2.0
-1.0 0.6 2.0 3.0
-1.0 0.6 3.0 5.0
-1.0 0.6 5.0 30.0
0.6 0.7 0.0 0.2
0.6 0.7 0.2 0.35
0.6 0.7 0.35 0.5
0.6 0.7 0.5 0.65
0.6 0.7 0.65 0.8
0.6 0.7 0.8 0.95
0.6 0.7 0.95 1.1
0.6 0.7 1.1 1.25
0.6 0.7 1.25 1.5
0.6 0.7 1.5 2.0
0.6 0.7 2.0 3.0
0.6 0.7 3.0 5.0
0.6 0.7 5.0 30.0
0.7 0.8 0.0 0.2
0.7 0.8 0.2 0.35
0.7 0.8 0.35 0.5
0.7 0.8 0.5 0.65
0.7 0.8 0.65 0.8
0.7 0.8 0.8 0.95
0.7 0.8 0.95 1.1
0.7 0.8 1.1 1.25
0.7 0.8 1.25 1.5
0.7 0.8 1.5 2.0
0.7 0.8 2.0 3.0
0.7 0.8 3.0 5.0
0.7 0.8 5.0 30.0
0.8 0.85 0.0 0.2
0.8 0.85 0.2 0.35
0.8 0.85 0.35 0.5
0.8 0.85 0.5 0.65
0.8 0.85 0.65 0.8
0.8 0.85 0.8 0.95
0.8 0.85 0.95 1.1
0.8 0.85 1.1 1.25
0.8 0.85 1.25 1.5
0.8 0.85 1.5 2.0
0.8 0.85 2.0 3.0
0.8 0.85 3.0 5.0
0.8 0.85 5.0 30.0
0.85 0.9 0.0 0.2
0.85 0.9 0.2 0.35
0.85 0.9 0.35 0.5
0.85 0.9 0.5 0.65
0.85 0.9 0.65 0.8
0.85 0.9 0.8 0.95
0.85 0.9 0.95 1.1
0.85 0.9 1.1 1.25
0.85 0.9 1.25 1.5
0.85 0.9 1.5 2.0
0.85 0.9 2.0 3.0
0.85 0.9 3.0 5.0
0.85 0.9 5.0 30.0
0.9 0.925 0.0 0.2
0.9 0.925 0.2 0.35
0.9 0.925 0.35 0.5
0.9 0.925 0.5 0.65
0.9 0.925 0.65 0.8
0.9 0.925 0.8 0.95
0.9 0.925 0.95 1.1
0.9 0.925 1.1 1.25
0.9 0.925 1.25 1.5
0.9 0.925 1.5 2.0
0.9 0.925 2.0 3.0
0.9 0.925 3.0 5.0
0.9 0.925 5.0 30.0
0.925 0.95 0.0 0.2
0.925 0.95 0.2 0.35
0.925 0.95 0.35 0.5
0.925 0.95 0.5 0.65
0.925 0.95 0.65 0.8
0.925 0.95 0.8 0.95
0.925 0.95 0.95 1.1
0.925 0.95 1.1 1.25
0.925 0.95 1.25 1.5
0.925 0.95 1.5 2.0
0.925 0.95 2.0 3.0
0.925 0.95 3.0 5.0
0.925 0.95 5.0 30.0
0.95 0.975 0.0 0.2
0.95 0.975 0.2 0.35
0.95 0.975 0.35 0.5
0.95 0.975 0.5 0.65
0.95 0.975 0.65 0.8
0.95 0.975 0.8 0.95
0.95 0.975 0.95 1.1
0.95 0.975 1.1 1.25
0.95 0.975 1.25 1.5
0.95 0.975 1.5 2.0
0.95 0.975 2.0 3.0
0.95 0.975 3.0 5.0
0.95 0.975 5.0 30.0
0.975 1.0 0.0 0.2
0.975 1.0 0.2 0.35
0.975 1.0 0.35 0.5
0.975 1.0 0.5 0.65
0.975 1.0 0.65 0.8
0.975 1.0 0.8 0.95
0.975 1.0 0.95 1.1
0.975 1.0 1.1 1.25
0.975 1.0 1.25 1.5
0.975 1.0 1.5 2.0
0.975 1.0 2.0 3.0
0.975 1.0 3.0 5.0
0.975 1.0 5.0 30.0
